*Vertices 100
1 "0"
2 "1"
3 "10"
4 "100"
5 "11"
6 "12"
7 "13"
8 "14"
9 "15"
10 "16"
11 "17"
12 "18"
13 "19"
14 "20"
15 "21"
16 "22"
17 "23"
18 "24"
19 "25"
20 "26"
21 "27"
22 "28"
23 "29"
24 "3"
25 "30"
26 "31"
27 "32"
28 "33"
29 "34"
30 "35"
31 "36"
32 "37"
33 "38"
34 "39"
35 "4"
36 "40"
37 "41"
38 "42"
39 "43"
40 "44"
41 "45"
42 "46"
43 "47"
44 "48"
45 "49"
46 "5"
47 "50"
48 "51"
49 "52"
50 "53"
51 "54"
52 "55"
53 "56"
54 "57"
55 "58"
56 "59"
57 "6"
58 "60"
59 "61"
60 "62"
61 "63"
62 "64"
63 "65"
64 "66"
65 "67"
66 "68"
67 "69"
68 "7"
69 "70"
70 "71"
71 "72"
72 "73"
73 "74"
74 "75"
75 "76"
76 "77"
77 "78"
78 "79"
79 "8"
80 "80"
81 "81"
82 "82"
83 "83"
84 "84"
85 "85"
86 "86"
87 "87"
88 "88"
89 "89"
90 "9"
91 "90"
92 "91"
93 "92"
94 "93"
95 "94"
96 "95"
97 "96"
98 "97"
99 "98"
100 "99"
*Edges
1 2 
1 2 
1 13 
1 19 
1 20 
1 22 
1 29 
1 45 
1 48 
1 51 
1 57 
1 59 
1 62 
1 70 
1 83 
1 89 
2 6 
2 7 
2 14 
2 15 
2 24 
2 28 
2 35 
2 46 
2 47 
2 68 
2 79 
2 80 
2 81 
2 90 
2 91 
2 95 
3 79 
3 8 
3 44 
4 69 
5 79 
5 26 
5 40 
6 41 
6 96 
7 18 
7 37 
7 42 
7 49 
7 60 
7 93 
8 98 
9 90 
9 61 
9 73 
10 90 
10 11 
12 68 
12 78 
12 94 
13 23 
15 84 
16 90 
17 90 
19 21 
19 30 
20 31 
20 39 
20 65 
20 88 
20 92 
25 90 
25 32 
25 56 
26 36 
27 90 
27 33 
30 71 
30 77 
30 82 
31 43 
31 53 
32 50 
34 68 
38 90 
38 64 
41 69 
41 75 
43 97 
45 66 
47 55 
49 58 
49 63 
52 79 
53 72 
54 90 
63 67 
65 99 
68 76 
74 90 
85 90 
86 90 
87 90 
92 100 
